1 -0.8053130884 -0.5924120221 0.0227777455 -2583.552125225767 0.5927545064 -0.8052778776 0.0130243985 -495.58670207822905 0.0106266043 0.0239903299 0.9996557104 116.568785083547 0.0 0.0 0.0 1.0
80 -0.8095943975 -0.5863872813 0.0265869866 -2583.717330333081 0.5867851783 -0.8096772872 0.0102881044 -495.469625647021 0.0154940656 0.0239300414 0.9995935609 116.56466483543501 0.0 0.0 0.0 1.0
83 -0.8147755828 -0.579052931 0.0289560481 -2583.906667764225 0.5794205752 -0.8150089269 0.0056785684 -495.34723226570804 0.0203112461 0.0214044889 0.9995645558 116.564357754207 0.0 0.0 0.0 1.0
85 -0.8193647103 -0.5726840978 0.0259691271 -2584.114462128554 0.5729187906 -0.8196096935 0.0020024142 -495.220298373908 0.0201377975 0.0165189084 0.9996607398 116.566680779321 0.0 0.0 0.0 1.0
87 -0.82438918 -0.5655987841 0.0219202016 -2584.3833988575598 0.565754022 -0.8245733482 0.0010862644 -495.048803071304 0.0174604242 0.0132969468 0.9997591334 116.569700201348 0.0 0.0 0.0 1.0
89 -0.8261432575 -0.5631685508 0.0181246089 -2584.710137676932 0.5632483682 -0.826287225 -0.0008351825 -494.83772871123296 0.0154464813 0.009518676 0.999835387 116.572345444743 0.0 0.0 0.0 1.0
90 -0.8254544579 -0.5642444941 0.0159087671 -2584.8939035960943 0.5643016364 -0.8255680072 -0.0010623831 -494.71473009018496 0.013733213 0.0081003945 0.9998728832 116.575198269346 0.0 0.0 0.0 1.0
91 -0.8235502637 -0.5670972433 0.0128716689 -2585.092020110554 0.5671390649 -0.8236219096 -0.0004807408 -494.579629861223 0.0108740153 0.0069041121 0.9999170411 116.578678780634 0.0 0.0 0.0 1.0
92 -0.8206817974 -0.5712857259 0.0106773928 -2585.3006225875824 0.5713213676 -0.8207263667 0.0003548276 -494.432020547992 0.0085605099 0.0063914232 0.9999429321 116.580581291238 0.0 0.0 0.0 1.0
93 -0.8162223438 -0.5776736043 0.0086193046 -2585.520741522284 0.5776919501 -0.816254753 -0.000434806 -494.275708888439 0.0072867243 0.0046244045 0.9999627586 116.58286672688101 0.0 0.0 0.0 1.0
94 -0.8100318512 -0.58634893 0.0065827298 -2585.752537476138 0.5863503785 -0.8100552974 -0.0019102077 -494.110087370638 0.0064524233 0.002312457 0.9999765091 116.58566757918601 0.0 0.0 0.0 1.0
95 -0.8030407897 -0.5959064123 0.0045867159 -2585.994373013524 0.595891658 -0.8030536023 -0.0042477881 -493.93373856840697 0.0062146629 -0.0006779614 0.999980459 116.58878140556699 0.0 0.0 0.0 1.0
96 -0.7948487726 -0.6067921335 0.0043284334 -2586.242361423364 0.6067624918 -0.7948564496 -0.0065194398 -493.742861252804 0.007396428 -0.0025556377 0.9999693803 116.592767996393 0.0 0.0 0.0 1.0
97 -0.7849299535 -0.6195617919 0.0053060463 -2586.495657470498 0.6195014301 -0.7849361603 -0.0096541337 -493.53776150129397 0.01014624 -0.0042907154 0.9999393199 116.59515831884501 0.0 0.0 0.0 1.0
98 -0.7730599106 -0.6342945253 0.0069878293 -2586.756382381171 0.6342003411 -0.7730766179 -0.0119360875 -493.314808158606 0.0129731224 -0.004795627 0.9999043455 116.59583863654899 0.0 0.0 0.0 1.0
99 -0.7585824337 -0.6515040575 0.0097547032 -2587.022256069241 0.6513657411 -0.7586326726 -0.0141116743 -493.072907984146 0.0165940496 -0.0043509887 0.9998528424 116.597558455752 0.0 0.0 0.0 1.0
100 -0.7403746235 -0.6720843038 0.0121698605 -2587.294764483604 0.6718308633 -0.740448259 -0.0194850422 -492.815654942873 0.022106743 -0.0062501429 0.999736079 116.600243253128 0.0 0.0 0.0 1.0
101 -0.717802671 -0.6960933722 0.0146062551 -2587.5733370926732 0.6956952858 -0.7179111289 -0.0247321724 -492.539087760346 0.0277018944 -0.0075913166 0.9995874034 116.607559700598 0.0 0.0 0.0 1.0
102 -0.6915592861 -0.7221210803 0.0169381005 -2587.84839265263 0.721584704 -0.6917232089 -0.0288880124 -492.235424913204 0.03257712 -0.007755499 0.9994391345 116.611768108515 0.0 0.0 0.0 1.0
103 -0.6623118822 -0.7489570179 0.0201582745 -2588.119172011019 0.7483870012 -0.6626033667 -0.0295579911 -491.902176984297 0.0354946054 -0.0044904181 0.9993597796 116.621071081234 0.0 0.0 0.0 1.0
104 -0.6306001364 -0.7757701546 0.0228939987 -2588.386062642091 0.7752330386 -0.6310154199 -0.0288665156 -491.545237512314 0.0368402475 -0.0004550445 0.9993210641 116.634598997918 0.0 0.0 0.0 1.0
105 -0.5963746706 -0.8023418429 0.0241830368 -2588.6447101729136 0.8018004859 -0.596862117 -0.0295227726 -491.16689303023895 0.0381212943 0.0017833369 0.999271528 116.644062748815 0.0 0.0 0.0 1.0
106 -0.5583827743 -0.8293122933 0.0212084306 -2588.901362115929 0.8288034415 -0.5587837883 -0.0290780566 -490.76714218710697 0.035965717 0.0013409344 0.9993521247 116.656487395263 0.0 0.0 0.0 1.0
107 -0.5173557171 -0.8556150447 0.0163081966 -2589.146742513369 0.8552040601 -0.5176126383 -0.0265173954 -490.341500905245 0.0311300111 0.0002279098 0.9995153178 116.66762699162899 0.0 0.0 0.0 1.0
108 -0.4740752052 -0.8803962826 0.012453325 -2589.3720898460297 0.8801210368 -0.4742384562 -0.0220192463 -489.891021928637 0.0252915082 0.0005216546 0.9996799825 116.679203477645 0.0 0.0 0.0 1.0
109 -0.4286716329 -0.903407452 0.0097778742 -2589.5765930024227 0.9032444491 -0.4287806843 -0.0172217898 -489.41915306278696 0.0197508568 0.0014493178 0.9998038823 116.69014003462101 0.0 0.0 0.0 1.0
110 -0.3805640273 -0.9247356623 0.0059140585 -2589.7641527816218 0.9246213884 -0.3806099721 -0.0145374426 -488.93126726168197 0.0156942412 -6.41628e-05 0.9998768358 116.701293241182 0.0 0.0 0.0 1.0
111 -0.3298880496 -0.9440186208 0.0016487493 -2589.931848899601 0.9439067937 -0.3298750197 -0.0149142974 -488.428361857641 0.0146232556 -0.0033637828 0.9998874163 116.709133403061 0.0 0.0 0.0 1.0
112 -0.2775226972 -0.9607176396 -0.0016642038 -2590.074509029214 0.9605948594 -0.2774585415 -0.0165612125 -487.911422136981 0.0154489014 -0.006194738 0.9998614687 116.714527545315 0.0 0.0 0.0 1.0
113 -0.2236979122 -0.9746464494 -0.0048520875 -2590.189506677699 0.9744968573 -0.2235673657 -0.0193263577 -487.380362665454 0.0177515975 -0.0090516099 0.9998014549 116.72379331671 0.0 0.0 0.0 1.0
114 -0.1685360446 -0.9856794485 -0.0056237393 -2590.271292476225 0.985473394 -0.1683742195 -0.0221881015 -486.836520224865 0.0209234629 -0.0092815403 0.9997379965 116.72798713494001 0.0 0.0 0.0 1.0
115 -0.1129618315 -0.9935873779 -0.0048731068 -2590.317982801231 0.9933362033 -0.1128176946 -0.0235659702 -486.279849368321 0.0228650779 -0.0075026885 0.999710407 116.733141711229 0.0 0.0 0.0 1.0
116 -0.057088576 -0.998352437 -0.005771143 -2590.3353860154098 0.9980980959 -0.0569374421 -0.0236287671 -485.70676433754204 0.0232612431 -0.0071090995 0.9997041439 116.740176258188 0.0 0.0 0.0 1.0
117 -0.0003859714 -0.9999578834 -0.009169649 -2590.327699922816 0.9997569778 -0.0001837468 -0.0220443074 -485.122489624148 0.0220416941 -0.009175929 0.9997149424 116.749903771693 0.0 0.0 0.0 1.0
118 0.0563208161 -0.9983083179 -0.014438427 -2590.291901371641 0.9981879754 0.0566090763 -0.0204004496 -484.52918841751 0.0211832845 -0.0132632942 0.999687628 116.763102545829 0.0 0.0 0.0 1.0
119 0.1124543668 -0.9934561583 -0.0199719029 -2590.2244256716426 0.9934780395 0.1127927467 -0.016708722 -483.925893006209 0.0188520686 -0.0179626782 0.9996609134 116.773232490712 0.0 0.0 0.0 1.0
120 0.1684157297 -0.9853327197 -0.0274876977 -2590.12450557773 0.9855416621 0.1688449811 -0.0141068996 -483.315955174319 0.0185411495 -0.0247144475 0.999522597 116.78195400980499 0.0 0.0 0.0 1.0
121 0.2236737252 -0.9740647167 -0.0341759039 -2589.988980573481 0.974490319 0.2241584021 -0.0110285473 -482.696861324541 0.0184033349 -0.0308372913 0.9993549813 116.789610568964 0.0 0.0 0.0 1.0
122 0.2770267974 -0.9601030164 -0.0381883683 -2589.810215674547 0.9607024747 0.277486532 -0.0072096966 -482.067984333911 0.0175188094 -0.0346903807 0.999244549 116.801598833108 0.0 0.0 0.0 1.0
123 0.3280437895 -0.9436695013 -0.0433029381 -2589.5945567287117 0.9444839283 0.3285283039 -0.004388935 -481.43354909137497 0.0183679449 -0.0394591662 0.9990523474 116.81322251689501 0.0 0.0 0.0 1.0
124 0.3755323466 -0.9253429173 -0.0521147005 -2589.348494267133 0.9265760774 0.3761051985 -0.0012854891 -480.790337296779 0.0207901281 -0.0478054921 0.9986402783 116.818708492222 0.0 0.0 0.0 1.0
125 0.4197464228 -0.9058206748 -0.057461688 -2589.057778982636 0.9073562709 0.4203595977 0.0015511973 -480.141722398076 0.0227494655 -0.0527893324 0.9983465071 116.82329165431601 0.0 0.0 0.0 1.0
126 0.4605981731 -0.8857436024 -0.0575116844 -2588.723360225073 0.8873246889 0.4611223626 0.0045894678 -479.496941799749 0.022454832 -0.0531454379 0.9983342842 116.831216009934 0.0 0.0 0.0 1.0
127 0.4980182196 -0.8653920403 -0.0554478992 -2588.357728545564 0.8669192202 0.4983844393 0.0080010215 -478.86272080436896 0.0207103498 -0.052053504 0.9984295239 116.84140440945501 0.0 0.0 0.0 1.0
128 0.531835574 -0.8451556976 -0.0535048514 -2587.96303238849 0.846623675 0.5320856135 0.0106420316 -478.235763733342 0.0194749881 -0.0509582849 0.9985108803 116.850255522178 0.0 0.0 0.0 1.0
129 0.5620499105 -0.8253823192 -0.0533284652 -2587.5409508564667 0.8268901549 0.5621996055 0.0135748026 -477.607426562133 0.01877684 -0.0517264994 0.9984847518 116.859024064202 0.0 0.0 0.0 1.0
130 0.5890414615 -0.8064721266 -0.0513114577 -2587.0879848455643 0.8078972623 0.5891353564 0.0148844034 -476.98532337676295 0.0182255375 -0.0502219169 0.9985717745 116.868938471618 0.0 0.0 0.0 1.0
131 0.6126414984 -0.7888281186 -0.0491995293 -2586.6063559976633 0.7901591542 0.6127037606 0.0155760319 -476.367621282013 0.0178579247 -0.048417982 0.998667509 116.877515905717 0.0 0.0 0.0 1.0
132 0.6332805087 -0.7725496375 -0.0460744503 -2586.094583697702 0.7737022001 0.6333973225 0.0138829864 -475.751713682407 0.0184581373 -0.0444397283 0.9988415328 116.885605776493 0.0 0.0 0.0 1.0
133 0.6509158843 -0.7579669401 -0.0423630648 -2585.550078056669 0.7589227848 0.6510720032 0.0118934168 -475.129688849392 0.0185665887 -0.039891909 0.9990314897 116.893375784178 0.0 0.0 0.0 1.0
134 0.6657278895 -0.7451781991 -0.0389336444 -2584.9842183106452 0.7459360287 0.6659641722 0.0084357781 -474.507977056034 0.0196422544 -0.0346579408 0.9992061894 116.90051350432199 0.0 0.0 0.0 1.0
135 0.6780062616 -0.734276192 -0.0338523715 -2584.3973410150093 0.734798438 0.6782687862 0.0047654111 -473.887510785591 0.019461879 -0.0281056483 0.9994154831 116.908254180419 0.0 0.0 0.0 1.0
136 0.687276057 -0.7257929059 -0.0296020145 -2583.793791335977 0.726149412 0.6875341697 0.0019485729 -473.264742395077 0.018938136 -0.0228346929 0.999559865 116.917457479838 0.0 0.0 0.0 1.0
137 0.6942344172 -0.7193028649 -0.0253369794 -2583.173949898202 0.7195076286 0.6944830289 -0.0014474156 -472.63730514503004 0.0186372323 -0.0172253043 0.9996779194 116.927235128641 0.0 0.0 0.0 1.0
138 0.6993261613 -0.71447807 -0.0215408354 -2582.538417720329 0.7145439652 0.6995662856 -0.0058252756 -472.003606078328 0.0192312738 -0.0113181063 0.9997509983 116.93530365438299 0.0 0.0 0.0 1.0
139 0.7024127255 -0.7115555014 -0.0174680112 -2581.888370381193 0.7115057125 0.702609121 -0.0100022059 -471.36349572249196 0.0193903086 -0.005402913 0.9997973917 116.94587111723699 0.0 0.0 0.0 1.0
140 0.7036182673 -0.710428108 -0.0146026491 -2581.22834140768 0.7103474742 0.7037649048 -0.0110192887 -470.706902025055 0.0181052444 -0.0026195821 0.999832655 116.957202317886 0.0 0.0 0.0 1.0
141 0.7040284306 -0.7100971994 -0.0102925353 -2580.553872671705 0.7099678575 0.7040996396 -0.0137600453 -470.042462257696 0.01701794 0.0023800938 0.9998523515 116.971195953129 0.0 0.0 0.0 1.0
142 0.7032814212 -0.7108808299 -0.0066097079 -2579.8663422408167 0.7107385053 0.7032849693 -0.0155251101 -469.364676742266 0.0156850114 0.0062207476 0.9998576312 116.982875753898 0.0 0.0 0.0 1.0
143 0.7020489433 -0.7121202892 -0.0034604844 -2579.171739065435 0.711970922 0.7019873987 -0.0176379815 -468.674278945409 0.0149895809 0.009918962 0.9998384503 116.994149406438 0.0 0.0 0.0 1.0
144 0.7002293719 -0.7139178777 -0.0003011035 -2578.471123403802 0.7137730977 0.7000957387 -0.0198474602 -467.972677719213 0.014380258 0.013682855 0.9998029744 117.006877864132 0.0 0.0 0.0 1.0
145 0.6977038776 -0.7163852269 0.001227132 -2577.768374066976 0.7162377458 0.6975233159 -0.0215572556 -467.259287709138 0.0145873463 0.0159194991 0.9997668623 117.0202458065 0.0 0.0 0.0 1.0
146 0.6948317976 -0.7191635215 0.0035499971 -2577.059145419471 0.7189952701 0.6945427982 -0.0256145072 -466.542016367619 0.0159553943 0.0203502052 0.9996655914 117.03129034458101 0.0 0.0 0.0 1.0
147 0.6918814249 -0.7219879819 0.0057834134 -2576.350021658501 0.7218179132 0.6914887577 -0.0286739979 -465.81298951102895 0.0167031165 0.024013578 0.9995720854 117.045040410287 0.0 0.0 0.0 1.0
148 0.6889583431 -0.7247473828 0.0088109371 -2575.6431265018 0.7246250994 0.688472546 -0.0303976757 -465.076848655037 0.0159645476 0.0273273584 0.9994990489 117.059393939455 0.0 0.0 0.0 1.0
149 0.6860003973 -0.7274890906 0.012770194 -2574.938072908175 0.7274486195 0.6853915541 -0.0325103597 -464.34353651406803 0.0148983489 0.0315917797 0.9993898132 117.076852638061 0.0 0.0 0.0 1.0
150 0.6829320296 -0.7303235364 0.0152110194 -2574.239916378274 0.7303390052 0.6822384703 -0.0339942221 -463.607370620627 0.0144492379 0.0343249438 0.9993062682 117.09378080328901 0.0 0.0 0.0 1.0
151 0.6799503395 -0.7330512034 0.0174203653 -2573.544685936718 0.733109759 0.6791428884 -0.0362631836 -462.86745546188604 0.0147518532 0.0374282038 0.9991904285 117.109170331531 0.0 0.0 0.0 1.0
152 0.6770316656 -0.7356675339 0.0205281129 -2572.852424406309 0.7358219665 0.6761188164 -0.037807139 -462.128306653753 0.0139340413 0.0407016667 0.9990741798 117.12480670934299 0.0 0.0 0.0 1.0
153 0.6741420937 -0.7381920534 0.0245953218 -2572.1612023299213 0.7384984595 0.6731173707 -0.0391539354 -461.387681572811 0.0123475856 0.0445589232 0.9989304478 117.139508760586 0.0 0.0 0.0 1.0
154 0.6710862157 -0.740884192 0.0270906846 -2571.476187955625 0.7412806905 0.669952807 -0.040818799 -460.643645242105 0.0120925227 0.0474747348 0.9987992393 117.15339109687001 0.0 0.0 0.0 1.0
155 0.6679348986 -0.7436799793 0.0283383062 -2570.796626344612 0.7440951044 0.6666419897 -0.0437142205 -459.901062105155 0.0136178858 0.0502846484 0.9986420817 117.165576627821 0.0 0.0 0.0 1.0
156 0.6649750412 -0.7462053467 0.0313970569 -2570.118357948457 0.7467634643 0.6636012218 -0.0444718652 -459.154128433009 0.0123500183 0.0530188554 0.9985171396 117.175437406963 0.0 0.0 0.0 1.0
157 0.6621009796 -0.7487602165 0.0313118364 -2569.448161113032 0.7493366665 0.6608513089 -0.0420726483 -458.397927817072 0.0108098572 0.0513194487 0.9986237836 117.190370601136 0.0 0.0 0.0 1.0
158 0.6596611351 -0.7508447256 0.0328539938 -2568.783038353523 0.7515366839 0.6586403901 -0.0372216238 -457.63478735862697 0.0063086926 0.0492446402 0.9987668225 117.202361318817 0.0 0.0 0.0 1.0
159 0.6574823063 -0.7527754857 0.0323432389 -2568.123720288186 0.7534421562 0.6564830993 -0.0368083901 -456.880505309037 0.006475664 0.0485696248 0.9987988072 117.21302361788 0.0 0.0 0.0 1.0
160 0.6551093775 -0.7548122218 0.0330183808 -2567.468706237185 0.7555262167 0.6542776771 -0.0331791668 -456.122232529589 0.0034408512 0.0466822356 0.998903864 117.2186272812 0.0 0.0 0.0 1.0
161 0.6528456539 -0.7568072127 0.0321775543 -2566.8185303422083 0.7574862895 0.6521031983 -0.0312400383 -455.36541796075 0.0026596002 0.0447689794 0.9989938263 117.225665478583 0.0 0.0 0.0 1.0
162 0.6503891066 -0.7589327114 0.0318614118 -2566.170544384212 0.7595999628 0.6497393961 -0.0290966266 -454.60760133696203 0.0013807672 0.0431260562 0.9990686847 117.22837369174901 0.0 0.0 0.0 1.0
163 0.647964132 -0.7611079377 0.0292778215 -2565.528998921171 0.761668128 0.6473801777 -0.0275784017 -453.843864446595 0.0020362591 0.0401697986 0.9991907931 117.233327692592 0.0 0.0 0.0 1.0
164 0.6459848399 -0.7628212668 0.0284130529 -2564.886015640398 0.7633502385 0.6455373732 -0.0240398264 -453.076219322151 -3.5967e-06 0.0372184742 0.9993071526 117.23469711158701 0.0 0.0 0.0 1.0
165 0.6443926312 -0.7641944478 0.0276583209 -2564.2444403390846 0.764689311 0.6441034126 -0.0195205424 -452.307674600314 -0.0028973288 0.033728916 0.9994268186 117.23651166999001 0.0 0.0 0.0 1.0
166 0.6434606226 -0.7649651269 0.0280496297 -2563.600999862435 0.7654561571 0.6432935199 -0.0158214671 -451.53630475681 -0.0059412745 0.0316512529 0.9994813152 117.236139158343 0.0 0.0 0.0 1.0
167 0.6427708757 -0.7655492428 0.0279277327 -2562.9601218148464 0.7660195261 0.642678588 -0.0133535818 -450.771061404913 -0.0077257314 0.0299764821 0.999520747 117.23408090330399 0.0 0.0 0.0 1.0
168 0.6423672962 -0.7658564148 0.0287786136 -2562.317582188054 0.7663493714 0.6422927489 -0.0129871333 -450.003522809453 -0.0085380155 0.0303969821 0.9995014386 117.228077867211 0.0 0.0 0.0 1.0
169 0.6419966323 -0.7661574461 0.0290360454 -2561.676355427403 0.7666673129 0.6418900306 -0.0140861625 -449.240831901218 -0.0078457298 0.0313042557 0.9994791084 117.22068855700999 0.0 0.0 0.0 1.0
170 0.6415775831 -0.7665360818 0.0282955848 -2561.034454276129 0.7670295801 0.6414354138 -0.0150410494 -448.478166543537 -0.006620283 0.0313535506 0.9994864315 117.214396072723 0.0 0.0 0.0 1.0
171 0.6410468609 -0.7670148384 0.0273342217 -2560.392538890372 0.7674854455 0.6408586562 -0.0163178955 -447.71302191239397 -0.0050013047 0.031439153 0.9994931549 117.2063652328 0.0 0.0 0.0 1.0
172 0.6404435453 -0.7674962176 0.0279574907 -2559.7470542213937 0.7679902261 0.6402342415 -0.0170624906 -446.948543541337 -0.0048039458 0.0323986416 0.9994634811 117.198248427903 0.0 0.0 0.0 1.0
173 0.6397310368 -0.7681152551 0.0272608774 -2559.104663450318 0.7685846365 0.6395324353 -0.0166108598 -446.179451437365 -0.0046751605 0.0315787741 0.9994903321 117.195355687926 0.0 0.0 0.0 1.0
174 0.6392693304 -0.768482891 0.0277266908 -2558.4593281638918 0.7689659259 0.6390792101 -0.0164063412 -445.408277010449 -0.0051115592 0.0318089512 0.9994808966 117.189401916842 0.0 0.0 0.0 1.0
175 0.6385518706 -0.7690473391 0.0285954321 -2557.814022627659 0.7695509097 0.6384040555 -0.0152203603 -444.633934159952 -0.0065502623 0.0317246303 0.9994751832 117.184110807897 0.0 0.0 0.0 1.0
176 0.638089556 -0.769372218 0.0301348427 -2557.166609430439 0.76991572 0.637992032 -0.0139982547 -443.855119268441 -0.0084559213 0.0321334293 0.9994478176 117.179030494979 0.0 0.0 0.0 1.0
177 0.6376544052 -0.7697487203 0.0297282211 -2556.5206979177788 0.7702666106 0.6375982566 -0.012562319 -443.073774512296 -0.009284833 0.0309090741 0.9994790748 117.172607613642 0.0 0.0 0.0 1.0
178 0.6377235557 -0.7697048171 0.0293796025 -2555.876507308336 0.7702157057 0.637651368 -0.0129807359 -442.29175932694 -0.0087426087 0.0309067523 0.9994840366 117.162355576595 0.0 0.0 0.0 1.0
179 0.6376116788 -0.7698274212 0.0285847613 -2555.230178413509 0.7703154298 0.6375272092 -0.0131604027 -441.509178143047 -0.0080923243 0.0304105091 0.999504735 117.153716184455 0.0 0.0 0.0 1.0
180 0.6374663429 -0.7699849473 0.0275652419 -2554.576695928338 0.770442839 0.6373717786 -0.0132305621 -440.721034136105 -0.0073819736 0.0296714812 0.9995324455 117.145535757165 0.0 0.0 0.0 1.0
181 0.6374831727 -0.7699736646 0.0274910942 -2553.923034449255 0.7704295033 0.6373874902 -0.0132502012 -439.92861806618697 -0.0073201736 0.0296267303 0.9995342275 117.13453811451299 0.0 0.0 0.0 1.0
182 0.6374417059 -0.7700087685 0.0274694005 -2553.266983809886 0.7704704389 0.6373179372 -0.0141827266 -439.13643494747305 -0.0065859178 0.0302050225 0.9995220269 117.127367981709 0.0 0.0 0.0 1.0
183 0.6373873362 -0.7700233907 0.0283083258 -2552.60781486224 0.7705153662 0.6372480377 -0.0148663696 -438.34450071221 -0.0065919727 0.0312876357 0.9994886842 117.11846756657499 0.0 0.0 0.0 1.0
184 0.6375655446 -0.7698893292 0.0279391676 -2551.9475338144216 0.7703824356 0.6373509515 -0.0171658831 -437.554852814617 -0.0045912248 0.0324682196 0.9994622231 117.112828322813 0.0 0.0 0.0 1.0
185 0.6378244497 -0.7696834489 0.027701262 -2551.284278444635 0.7701757621 0.6375489416 -0.0189905923 -436.76299508562 -0.0030441657 0.0334475047 0.9994358396 117.105773971147 0.0 0.0 0.0 1.0
186 0.6380804902 -0.769451134 0.0282531506 -2550.6180773250603 0.7699654972 0.6377680856 -0.0201246645 -435.964389106195 -0.0025340119 0.0345951069 0.9993981976 117.10073652016099 0.0 0.0 0.0 1.0
187 0.6381358875 -0.7693345131 0.0301163739 -2549.9475722965963 0.7699079444 0.6378850931 -0.0185570772 -435.161978868904 -0.0049341861 0.0350287724 0.9993741236 117.094674824679 0.0 0.0 0.0 1.0
188 0.6380184032 -0.7694087705 0.0307027854 -2549.2794169749664 0.7699852106 0.6378663462 -0.0157892324 -434.35095807309 -0.0074358996 0.0337145115 0.9994038419 117.092541166421 0.0 0.0 0.0 1.0
189 0.6379560267 -0.7694462711 0.0310571075 -2548.608756412396 0.7700120099 0.637893394 -0.0131727938 -433.53834547691497 -0.0096753666 0.032318009 0.9994308048 117.084350858158 0.0 0.0 0.0 1.0
190 0.6377544948 -0.7696380746 0.0304374526 -2547.936255589682 0.7701624968 0.6377519782 -0.0110518288 -432.72416842852 -0.0109056373 0.030490138 0.9994755718 117.074388814221 0.0 0.0 0.0 1.0
191 0.6377998069 -0.7696688048 0.0286589821 -2547.265396183732 0.7701325355 0.6378008828 -0.0102913373 -431.90899423869996 -0.0103578027 0.0286350275 0.999536268 117.06385277345301 0.0 0.0 0.0 1.0
192 0.6377181999 -0.7698257602 0.0261495019 -2546.59245292824 0.7702113576 0.6377203174 -0.0093413756 -431.08726294366 -0.0094848371 0.0260978086 0.9996143968 117.052679932541 0.0 0.0 0.0 1.0
193 0.6377772239 -0.7698202946 0.0248380075 -2545.916995408144 0.7701790548 0.6377469835 -0.0101493151 -430.267593631865 -0.0080272156 0.0256027151 0.9996399676 117.04297315964 0.0 0.0 0.0 1.0
194 0.6376482083 -0.7699639035 0.0236717071 -2545.239876985264 0.7702926859 0.6376110834 -0.0100640106 -429.446248899907 -0.0073444179 0.0246514412 0.9996691282 117.032694736723 0.0 0.0 0.0 1.0
195 0.6376820684 -0.7699427308 0.0234471939 -2544.5631466798027 0.770270189 0.6376284907 -0.0106650715 -428.628331873279 -0.0067391046 0.0248615994 0.9996681876 117.027799209174 0.0 0.0 0.0 1.0
196 0.6372478516 -0.7702934334 0.0237318808 -2543.881777880452 0.7706317257 0.6371818645 -0.0112256366 -427.805038077201 -0.0064744899 0.0254420531 0.9996553321 117.019266831832 0.0 0.0 0.0 1.0
197 0.6366987877 -0.7707090764 0.0249434012 -2543.1973530545188 0.7710878143 0.6366045287 -0.0125800123 -426.98385562981 -0.0061835525 0.0272432313 0.9996097089 117.011658046846 0.0 0.0 0.0 1.0
198 0.6360621548 -0.7712264829 0.0251922077 -2542.513077647693 0.7716179379 0.6359410997 -0.01358954 -426.160153240405 -0.0055401471 0.0280825515 0.9995902546 117.005244375687 0.0 0.0 0.0 1.0
199 0.6352924183 -0.7718466803 0.0256172849 -2541.826984857014 0.7722510836 0.6351681175 -0.0137741187 -425.329253838405 -0.0056397748 0.0285335692 0.9995769247 116.997391187769 0.0 0.0 0.0 1.0
200 0.6347166631 -0.7722767021 0.0268970813 -2541.138848380738 0.7727161557 0.6346088965 -0.0134644427 -424.498214048204 -0.0066708517 0.0293299154 0.9995475255 116.99086778336 0.0 0.0 0.0 1.0
201 0.6340619682 -0.7728042644 0.0271843603 -2540.448363422101 0.7732450921 0.6339841803 -0.012493466 -423.66176468987504 -0.0075794505 0.0289418048 0.9995523617 116.98472742777 0.0 0.0 0.0 1.0
202 0.6335870972 -0.7731673006 0.0279233861 -2539.758197504613 0.77362815 0.6335204193 -0.0123030008 -422.82173762334 -0.0081777573 0.0293973401 0.9995343519 116.978550679832 0.0 0.0 0.0 1.0
203 0.6329790407 -0.7736370071 0.0286934719 -2539.065193553084 0.7741279253 0.6328920937 -0.0131739516 -421.978483930319 -0.007968015 0.0305512531 0.9995014416 116.97185920338599 0.0 0.0 0.0 1.0
204 0.6323759924 -0.7741268421 0.0287790996 -2538.366740204016 0.7746377093 0.6322117613 -0.015643152 -421.13508833524304 -0.0060847014 0.0321857296 0.9994633836 116.962593466782 0.0 0.0 0.0 1.0
205 0.6318542313 -0.7745650721 0.0284460784 -2537.672070004503 0.7750727981 0.6316408336 -0.0170884442 -420.29073750897703 -0.0047315926 0.0328451873 0.9994492512 116.955250628554 0.0 0.0 0.0 1.0
206 0.6315850914 -0.7747568124 0.029191677 -2536.973966804088 0.7752969478 0.6313169699 -0.0188022926 -419.443722605508 -0.0038619968 0.0345074658 0.9993969781 116.946515085359 0.0 0.0 0.0 1.0
207 0.6314241679 -0.7748611046 0.0298962994 -2536.277134942027 0.7754273876 0.6311445489 -0.0192074166 -418.59500502747 -0.0039858064 0.0353104364 0.9993684438 116.94205636552199 0.0 0.0 0.0 1.0
208 0.6312577314 -0.7749774955 0.0303900969 -2535.580961658579 0.7755568972 0.6310132315 -0.0182702174 -417.74019872778996 -0.005017546 0.0351024653 0.9993711228 116.93652103076799 0.0 0.0 0.0 1.0
209 0.6312595311 -0.7749215204 0.0317496719 -2534.883701665604 0.7755500293 0.6310185299 -0.0183784357 -416.888079907466 -0.005792786 0.0362250217 0.9993268692 116.93091103783199 0.0 0.0 0.0 1.0
210 0.6312281236 -0.7749629661 0.0313601204 -2534.1862451708 0.775572979 0.6310119196 -0.0176213398 -416.033829513316 -0.006132724 0.0354451473 0.9993528062 116.92557057556999 0.0 0.0 0.0 1.0
211 0.6313178833 -0.7749306633 0.0303347556 -2533.487988855123 0.7754946644 0.6311519163 -0.0159776083 -415.17596594994103 -0.0067643006 0.033611391 0.9994120865 116.919806103189 0.0 0.0 0.0 1.0
212 0.6314804877 -0.7748848156 0.0280341975 -2532.786422280046 0.7753688533 0.6313269301 -0.0151475617 -414.31730662267 -0.0059611283 0.0313022332 0.9994921886 116.91511058799101 0.0 0.0 0.0 1.0
213 0.6319147297 -0.7745828787 0.0265544405 -2532.086812362144 0.7750079117 0.6318207579 -0.0128556123 -413.45684229226003 -0.0068199095 0.0287035522 0.9995647027 116.908807839842 0.0 0.0 0.0 1.0
214 0.6324372157 -0.7742058009 0.0250708219 -2531.382776216818 0.774592421 0.632318106 -0.0134310876 -412.595224835618 -0.0054543087 0.0279139882 0.9995954481 116.89892825565201 0.0 0.0 0.0 1.0
215 0.6328043199 -0.774011404 0.0215647695 -2530.6822090929163 0.7743029084 0.6326847563 -0.0128454356 -411.72847347776 -0.0037011873 0.0248263109 0.9996849281 116.891469709122 0.0 0.0 0.0 1.0
216 0.6330327798 -0.7738590365 0.0202901801 -2529.9730007071994 0.7741228811 0.6328747526 -0.0142587724 -410.86881936823295 -0.0018068629 0.024733363 0.9996924507 116.888390698972 0.0 0.0 0.0 1.0
217 0.6330428259 -0.7738642875 0.0197698035 -2529.264158802116 0.7741156912 0.6328781911 -0.0144945464 -410.001919784792 -0.0012950657 0.0244797838 0.9996994863 116.88419843959599 0.0 0.0 0.0 1.0
218 0.6332130235 -0.7737134056 0.020219614 -2528.5502128815533 0.7739748132 0.6330642898 -0.0138778083 -409.133210954933 -0.0020628692 0.0244370809 0.9996992416 116.883971980588 0.0 0.0 0.0 1.0
219 0.6332491589 -0.7736641347 0.0209597114 -2527.835039097725 0.7739327441 0.6331744501 -0.0108730595 -408.253996240696 -0.0048590576 0.0231067627 0.9997211947 116.882681190881 0.0 0.0 0.0 1.0
220 0.6331248168 -0.7737196893 0.0226010772 -2527.1145967037396 0.7740201821 0.6330857976 -0.009753491 -407.379639805261 -0.0067619529 0.0236688671 0.9996969845 116.880717777814 0.0 0.0 0.0 1.0
221 0.6328138781 -0.7739716498 0.022682176 -2526.397209624723 0.7742743382 0.6327742789 -0.009795979 -406.503632617876 -0.0067708876 0.0237612582 0.9996947322 116.87506650614601 0.0 0.0 0.0 1.0
222 0.6324617261 -0.7743012949 0.0212054187 -2525.68061708997 0.7745755586 0.6323878274 -0.0108784087 -405.626375581523 -0.0049868828 0.0233053762 0.9997159549 116.868333547115 0.0 0.0 0.0 1.0
223 0.6322199128 -0.7744945787 0.021357186 -2524.9582321410676 0.774782062 0.632090608 -0.0131992312 -404.74842138623603 -0.0032769437 0.0248919814 0.9996847758 116.858823605469 0.0 0.0 0.0 1.0
224 0.6319682522 -0.7747210095 0.0205787674 -2524.238443615736 0.7749919618 0.6318084253 -0.0143378138 -403.862815292492 -0.001894033 0.0250094225 0.9996854212 116.85342421766599 0.0 0.0 0.0 1.0
225 0.631648328 -0.7750073194 0.0195970567 -2523.5189709550514 0.7752550425 0.631443416 -0.0160882403 -402.980588648144 9.40716e-05 0.0253548272 0.9996785103 116.853078616841 0.0 0.0 0.0 1.0
226 0.6313780405 -0.775106586 0.0239071194 -2522.791452770573 0.7754734966 0.6311409759 -0.0173759786 -402.09696824228 -0.0016205272 0.0295101487 0.9995631671 116.844231854077 0.0 0.0 0.0 1.0
227 0.630792544 -0.7755238207 0.0257598524 -2522.063369739244 0.7759283336 0.6306826671 -0.0132134248 -401.20145554584 -0.0059989667 0.0283227292 0.9995808299 116.842466152446 0.0 0.0 0.0 1.0
228 0.6304653618 -0.7756755359 0.0289981124 -2521.336419452162 0.7761626045 0.6304246203 -0.0116794506 -400.31206041284895 -0.0092216599 0.0298707395 0.9995112305 116.83384914015599 0.0 0.0 0.0 1.0
229 0.6299676995 -0.7761358938 0.0274549087 -2520.612191103168 0.7765778875 0.6299126411 -0.0116982576 -399.42246021008503 -0.0082147565 0.0286903995 0.9995545902 116.822965429261 0.0 0.0 0.0 1.0
230 0.6299593022 -0.7762587068 0.0239519854 -2519.8932460311603 0.7766088447 0.629861419 -0.0123812419 -398.53020132065 -0.0054753847 0.0264010022 0.9996364375 116.81388826081401 0.0 0.0 0.0 1.0
231 0.6298650792 -0.7763908082 0.0220747567 -2519.169640179163 0.7766976399 0.629725045 -0.0136800523 -397.63716246948997 -0.0032799603 0.0257619987 0.9996627238 116.80491345332699 0.0 0.0 0.0 1.0
232 0.6295504571 -0.7766716828 0.0211499194 -2518.443837758151 0.7769521135 0.6294306081 -0.0127484493 -396.739976695576 -0.003411047 0.0244582666 0.9996950325 116.799121983593 0.0 0.0 0.0 1.0
233 0.6292014768 -0.7769390825 0.0217063024 -2517.7159400664 0.7772232899 0.6291357466 -0.0105910311 -395.838208529906 -0.0054276248 0.0235345361 0.9997082907 116.792813553641 0.0 0.0 0.0 1.0
234 0.6287025732 -0.7773820731 0.02025307 -2516.988894604216 0.7776298899 0.6286432926 -0.0099682004 -394.936888049145 -0.0049828563 0.0220164258 0.9997451916 116.78906323916901 0.0 0.0 0.0 1.0
235 0.6284829988 -0.7776346957 0.0171289321 -2516.266944654705 0.7778210436 0.6283820491 -0.011420356 -394.038364405876 -0.0018826484 0.0205007434 0.9997880651 116.783066010941 0.0 0.0 0.0 1.0
236 0.6282273212 -0.777898616 0.0142890202 -2515.545160425942 0.7780282155 0.6280825132 -0.013581328 -393.138301651909 0.0015902125 0.0196494222 0.9998056668 116.779249360465 0.0 0.0 0.0 1.0
237 0.627933948 -0.7781424075 0.0139050591 -2514.818990732667 0.77826416 0.6277866491 -0.0137411915 -392.23339794705703 0.0019631934 0.0194503698 0.9998088962 116.77783415216399 0.0 0.0 0.0 1.0
238 0.6273603813 -0.7785214507 0.0179806208 -2514.082687311659 0.7787244216 0.6272690981 -0.0110342082 -391.328028022702 -0.0026883201 0.0209243736 0.999777447 116.778452942177 0.0 0.0 0.0 1.0
239 0.6265808967 -0.7790572198 0.0215923189 -2513.34537153865 0.7793193971 0.6265805769 -0.0076195816 -390.414481425685 -0.0075932376 0.0216015972 0.9997378225 116.771862659115 0.0 0.0 0.0 1.0
240 0.6261935622 -0.7793184479 0.0233319397 -2512.612606801339 0.7796114308 0.6262273095 -0.0067360049 -389.507979964159 -0.009361605 0.0224078898 0.9997050799 116.765108691531 0.0 0.0 0.0 1.0
241 0.6256737794 -0.7797929146 0.0213385122 -2511.8820085408884 0.7800447859 0.625684676 -0.0069870015 -388.598107530986 -0.0079027658 0.0210165788 0.9997478931 116.754772005759 0.0 0.0 0.0 1.0
242 0.6253353932 -0.780123727 0.0190424916 -2511.1548044708397 0.780339048 0.6252968467 -0.0086500703 -387.688960320413 -0.0051590848 0.0202687949 0.999781256 116.745545769424 0.0 0.0 0.0 1.0
243 0.6249882507 -0.7804256556 0.0180411335 -2510.421747166336 0.7806308424 0.624886013 -0.0115307712 -386.777983981912 -0.0022747423 0.0212900618 0.9997707531 116.737174864034 0.0 0.0 0.0 1.0
244 0.624379416 -0.7809027379 0.0184731929 -2509.6856650468053 0.7811189633 0.6242597108 -0.0123684543 -385.85935396425197 -0.0018735102 0.0221523696 0.9997528507 116.731215264547 0.0 0.0 0.0 1.0
245 0.6237836839 -0.7813181494 0.0208773851 -2508.9435381785997 0.7815933963 0.6236396533 -0.0136141699 -384.94066309907 -0.0023829672 0.0248099234 0.9996893463 116.726945378509 0.0 0.0 0.0 1.0
246 0.6230086704 -0.7818802425 0.0228797516 -2508.197381105548 0.78220365 0.6228902058 -0.0128546317 -384.01663435366703 -0.0042007906 0.0259051722 0.9996555784 116.725867534582 0.0 0.0 0.0 1.0
247 0.6226154495 -0.7821785737 0.0233812101 -2507.457474937938 0.7825083945 0.6225331745 -0.0115351298 -383.08566127402895 -0.0055330476 0.0254779432 0.9996600721 116.721597649463 0.0 0.0 0.0 1.0
248 0.6226203714 -0.7821693748 0.0235572113 -2506.7175178138514 0.7825047057 0.6225344218 -0.0117166246 -382.15642940177696 -0.0055007899 0.0257286378 0.9996538293 116.717036074404 0.0 0.0 0.0 1.0
249 0.6225932758 -0.782231297 0.0221768116 -2505.9801686779338 0.7825389351 0.6224548637 -0.0135187918 -381.229574316147 -0.0032292422 0.0257709274 0.9996626587 116.711864523771 0.0 0.0 0.0 1.0
250 0.6228304885 -0.7820561322 0.0216884467 -2505.23785293125 0.7823558603 0.6226336188 -0.0157061964 -380.297006054185 -0.0012208289 0.0267503814 0.999641399 116.706122867713 0.0 0.0 0.0 1.0
251 0.6231475129 -0.7818262091 0.0208555947 -2504.493258984038 0.7821043055 0.6229197651 -0.0168470031 -379.35881174994995 0.0001800664 0.0268094184 0.9996405467 116.704048893657 0.0 0.0 0.0 1.0
252 0.6235267387 -0.7814728295 0.0226853022 -2503.739731235387 0.7818016068 0.6232938656 -0.0170588626 -378.424842491442 -0.0008085721 0.0283720626 0.999597105 116.69990699371701 0.0 0.0 0.0 1.0
253 0.6240161561 -0.7810256505 0.0245513779 -2502.988093061742 0.7814015525 0.6238582319 -0.0145780745 -377.481510078518 -0.0039307291 0.0282814388 0.9995922717 116.69751763452399 0.0 0.0 0.0 1.0
254 0.6245174173 -0.7806237491 0.0245877577 -2502.234708453384 0.7809926313 0.6244084841 -0.0128278954 -376.538336836741 -0.0053390447 0.0272141017 0.9996153697 116.69443901810001 0.0 0.0 0.0 1.0
255 0.6251739432 -0.7801273848 0.0236390392 -2501.481418940336 0.7804771849 0.6250199131 -0.0143342969 -375.59789711884997 -0.0035922927 0.0274111596 0.9996177888 116.690181936545 0.0 0.0 0.0 1.0
256 0.6257326704 -0.7797156443 0.0224084633 -2500.727786506261 0.7800357436 0.6255352725 -0.0158070103 -374.656939453433 -0.001692311 0.0273703651 0.9996239289 116.682782672245 0.0 0.0 0.0 1.0
257 0.6263277842 -0.7792702089 0.0212473134 -2499.9725197578277 0.7795598158 0.6260957838 -0.0170459125 -373.71179190739304 -1.94816e-05 0.0272398803 0.9996289254 116.68107056629 0.0 0.0 0.0 1.0
258 0.6269096702 -0.7788311706 0.0201562198 -2499.213361530112 0.7790918875 0.6266894748 -0.0166172504 -372.761953820893 0.0003103418 0.0261210623 0.9996587387 116.679466690043 0.0 0.0 0.0 1.0
259 0.6273724721 -0.7785014467 0.0184195218 -2498.454678631561 0.7787192312 0.6272082473 -0.0143587442 -371.81024841955 -0.0003745729 0.0233519167 0.9997272366 116.680240388985 0.0 0.0 0.0 1.0
260 0.6279032609 -0.7780795786 0.018156662 -2497.6900388640593 0.7782869204 0.6278078685 -0.0112583172 -370.854820015672 -0.0026390286 0.0212002266 0.9997717669 116.67921338084899 0.0 0.0 0.0 1.0
261 0.6286349389 -0.7774981496 0.0177409412 -2496.9244643104234 0.7776891857 0.6285853945 -0.0089404824 -369.900299286215 -0.004200488 0.0194172377 0.9998026439 116.676417083093 0.0 0.0 0.0 1.0
262 0.6290370692 -0.7771682657 0.0179402428 -2496.1568727274 0.7773510138 0.6290323265 -0.00661313 -368.94653142120205 -0.0061454779 0.0181057698 0.9998171904 116.669557584597 0.0 0.0 0.0 1.0
263 0.6294829109 -0.7767806203 0.0190560443 -2495.386001526906 0.7769881314 0.6294737425 -0.0072284963 -367.995466963095 -0.0063803237 0.0193565352 0.9997922864 116.664224944251 0.0 0.0 0.0 1.0
264 0.6297449916 -0.7765593627 0.0194113791 -2494.611111116087 0.776770455 0.6297477946 -0.0067361338 -367.03933201677603 -0.0069932654 0.0193202323 0.9997888891 116.655874058643 0.0 0.0 0.0 1.0
265 0.6301038269 -0.7762537146 0.0199834422 -2493.835818454513 0.7764836754 0.6300885293 -0.0078451938 -366.085746763156 -0.0065014769 0.0204601033 0.9997695309 116.648950281302 0.0 0.0 0.0 1.0
266 0.6306713595 -0.7757898399 0.0200937978 -2493.063825597863 0.7760255517 0.6306456544 -0.0083905687 -365.135359184552 -0.0061627484 0.0208849919 0.9997628907 116.639159775669 0.0 0.0 0.0 1.0
267 0.6311883286 -0.7754223968 0.0179276416 -2492.28989734433 0.775627144 0.631075994 -0.0120674432 -364.184480409296 -0.0019563385 0.0215219948 0.999766461 116.63303149010899 0.0 0.0 0.0 1.0
268 0.631445061 -0.7752384851 0.0168055388 -2491.514314588154 0.7754203661 0.6312790692 -0.0144911253 -363.23146413960205 0.0006250931 0.0221817065 0.9997537603 116.62816950038 0.0 0.0 0.0 1.0
269 0.6315754205 -0.7751272492 0.0170363056 -2490.7299790560032 0.7753135439 0.6313886999 -0.015401893 -362.274280284599 0.0011818961 0.0229359355 0.9997362382 116.627821814187 0.0 0.0 0.0 1.0
270 0.6317095021 -0.7749928031 0.0181455279 -2489.9471738181496 0.7752025225 0.6315957796 -0.0121581417 -361.308692763858 -0.0020381665 0.0217468727 0.9997614312 116.62500547376699 0.0 0.0 0.0 1.0
271 0.6322171589 -0.7745921197 0.0175645143 -2489.165398076118 0.774787105 0.6321253639 -0.0110664467 -360.34211611215903 -0.0025309926 0.0206051566 0.9997844876 116.62325537058999 0.0 0.0 0.0 1.0
272 0.6328096864 -0.7741560208 0.0153087 -2488.38403700636 0.774307357 0.6326825818 -0.0126833605 -359.381789556221 0.000133352 0.0198797924 0.9998023685 116.619781947407 0.0 0.0 0.0 1.0
273 0.6332557102 -0.773803615 0.0146687023 -2487.600247695029 0.7739415937 0.6331099844 -0.0136439449 -358.418986778378 0.001270832 0.0199928249 0.9997993158 116.617148602066 0.0 0.0 0.0 1.0
274 0.6336326715 -0.7734179915 0.0182824484 -2486.8045743466328 0.773632175 0.633506161 -0.0127750485 -357.451470300025 -0.0017015913 0.0222385784 0.9997512442 116.616291398645 0.0 0.0 0.0 1.0
275 0.6335158479 -0.7734267717 0.0216494637 -2486.005055541386 0.7736952529 0.6335036808 -0.0082910823 -356.477931021316 -0.0073024699 0.0220026193 0.9997312432 116.61078759306099 0.0 0.0 0.0 1.0
276 0.6337380924 -0.7732532723 0.0213402675 -2485.211979675995 0.7735168201 0.6337180692 -0.0085520614 -355.50702886882505 -0.0069108036 0.0219268229 0.9997356927 116.602736890697 0.0 0.0 0.0 1.0
277 0.634235246 -0.7728929006 0.0195503704 -2484.4217939151163 0.7731298059 0.6341546236 -0.0108727451 -354.54189121520596 -0.0039944903 0.0220108522 0.9997497519 116.59289448423 0.0 0.0 0.0 1.0
278 0.6346319569 -0.772639765 0.0164338929 -2483.631306259004 0.7728141143 0.6344663819 -0.014517403 -353.574041754115 0.0007899703 0.0219135523 0.9997595572 116.58706637168301 0.0 0.0 0.0 1.0
279 0.6346974089 -0.7726313455 0.0141422406 -2482.8387300085333 0.7727551088 0.6345164502 -0.0154407372 -352.60605133781195 0.0029565133 0.0207286846 0.9997807663 116.58443803272999 0.0 0.0 0.0 1.0
280 0.6350085301 -0.7723183009 0.0169884928 -2482.038466785307 0.7725032734 0.6348053001 -0.0161531316 -351.63878484380604 0.0016909738 0.0233810427 0.999725196 116.58859756779401 0.0 0.0 0.0 1.0
281 0.6350616679 -0.7722109122 0.0196719364 -2481.236531849885 0.7724558156 0.6349482691 -0.0123575288 -350.66293988438 -0.0029480433 0.0230434946 0.9997301168 116.589474563599 0.0 0.0 0.0 1.0
282 0.6353397404 -0.7719385412 0.0213143837 -2480.434627538621 0.7722196698 0.6352475578 -0.0117184455 -349.688206195723 -0.0044939905 0.0239045804 0.9997041438 116.585393441321 0.0 0.0 0.0 1.0
283 0.6354008338 -0.7718813628 0.0215625205 -2479.630815396511 0.7721784237 0.6352402174 -0.0145033851 -348.721324756004 -0.0025024875 0.0258655761 0.9996622977 116.575575507864 0.0 0.0 0.0 1.0
284 0.635598047 -0.7717350772 0.0209783997 -2478.826519285475 0.7720197542 0.6353352577 -0.0182923305 -347.750018615877 0.0007885161 0.0278223086 0.9996125736 116.572231195377 0.0 0.0 0.0 1.0
285 0.6355125123 -0.7718007116 0.0211543923 -2478.018040491716 0.7720891818 0.6352208505 -0.0193071602 -346.773326277868 0.0014635689 0.0286030194 0.9995897785 116.57250434075601 0.0 0.0 0.0 1.0
286 0.6353995057 -0.7718391179 0.0230617459 -2477.2081566335582 0.772183571 0.6351149576 -0.0190137668 -345.795606920366 2.87092e-05 0.0298892393 0.9995532165 116.57533546757101 0.0 0.0 0.0 1.0
287 0.6350318427 -0.7720691307 0.0253735318 -2476.395645054195 0.7724774715 0.6348361937 -0.0161729165 -344.814577450764 -0.0036214268 0.0298707987 0.9995472078 116.574427071182 0.0 0.0 0.0 1.0
288 0.6349576759 -0.7720916544 0.0265184282 -2475.590118657707 0.7725206423 0.634845039 -0.0135511489 -343.828301645804 -0.0063723636 0.0290904392 0.9995564713 116.571626916119 0.0 0.0 0.0 1.0
289 0.6348462693 -0.7722150162 0.0255770009 -2474.787767805936 0.7726049745 0.6347790844 -0.0117075774 -342.842962466905 -0.0071949781 0.02719343 0.9996042965 116.565536836234 0.0 0.0 0.0 1.0
